-2.4846 -8.3684
9.3268 9.9609
7.9127 10.0631
6.3086 2.7523
-7.0311 7.6408
-2.1736 -2.9365
6.9281 8.8314
-4.2163 -1.9907
-2.4569 -1.5545
-1.842 -11.5116
-6.4112 3.87
5.5341 -5.3485
3.1269 -4.8951
4.1213 -3.8813
4.1864 -3.8682
-7.4303 4.2948
-8.2637 1.3546
1.2036 5.0452
-2.4325 0.8642
0.2558 5.7524
7.1884 7.5167
9.1687 8.8255
8.4093 -6.4248
-0.7002 5.5815
6.97 4.2345
-6.1934 0.3098
6.4756 -11.0712
9.3263 2.7997
9.7138 -7.8093
9.0298 9.8366
-0.4219 0.0544
-6.781 8.0646
-9.2114 -3.8254
9.2197 9.1521
0.825 3.2852
-7.6667 -0.6109
3.7656 3.3308
0.7175 5.7626
-7.0019 -0.5709
-2.5735 5.0151
8.4826 8.1894
7.4635 9.5625
-5.5737 -2.8832
-3.6615 -2.4227
7.5038 8.9903
6.9876 8.6982
-1.2105 -1.2215
1.4188 -1.2641
5.2 4.539
-3.3408 -3.8862
3.4424 4.3357
-6.1769 -1.5188
-3.4754 -0.1859
8.3373 6.7193
-2.8045 -1.2071
5.8824 5.0876
5.9349 2.1504
8.7418 10.8621
8.9965 10.6169
-4.189 1.7005
9.7801 7.6937
-1.6591 -0.8796
3.5876 3.4431
3.4313 -0.9596
10.3803 10.6749
-8.6485 -2.9424
5.981 2.5833
7.7324 8.2608
-5.5547 -3.8262
4.9568 3.1538
4.524 3.8113
2.9881 -2.2713
1.5863 6.0902
1.8432 0.9765
-0.3776 0.085
8.8145 9.734
-3.4544 -2.945
4.1739 1.5569
8.8077 9.0985
4.6625 7.0476
3.3022 5.0314
-1.029 -2.2016
-2.2762 -1.9091
5.8372 3.6553
5.9953 7.3094
8.8976 9.1442
-6.3854 7.2841
-3.8023 -5.2606
-3.1126 -2.2439
-2.438 -0.2153
-4.9118 -0.4207
5.7851 7.3073
-3.1607 -2.3985
-3.2416 1.4187
9.3131 10.3287
-0.7226 -0.3307
3.5206 3.4278
2.7666 2.5747
-9.6784 -6.3727
3.9573 2.976